#mesh_file: package://swarm_visualization/meshes/mechanite_treads.stl
mesh_file: package://swarm_visualization/meshes/test.stl
num_robots: 10
x_0: 0.1
y_0: 0.1
x_1: 0
y_1: 0.1
x_2: 0.1
y_2: 0
x_3: 0.1757
y_3: 0
x_4: 0.12
y_4: 0
x_5: 0.175
y_5: 0
x_6: 0.1457
y_6: 0
x_7: 0.145
y_7: 0.11
x_8: 0.1
y_8: 0.5454
x_9: 0.1
y_9: 0.54
x_10: 0.112157457
y_10: 0.12121

r1: 0.20
r2: 0.50

#parametro de stop  r0: 